"""
Cesty pro hráče
"""

shared_path = [
    (49, 249), (99, 249), (148, 249), (198, 249), (249, 249),
    (249, 199), (249, 149), (249, 99), (249, 49), (299, 49),
    (350, 49), (350, 99), (350, 149), (350, 199), (350, 249),
    (399, 249), (452, 249), (500, 249), (550, 249), (550, 299),
    (551, 349), (501, 349), (451, 349), (401, 349), (351, 349),
    (351, 399), (351, 449), (351, 499), (351, 550), (301, 550),
    (250, 549), (250, 499), (250, 449), (250, 400), (250, 349),
    (199, 349), (149, 348), (99, 349), (49, 350), (49, 300)
]

unique_paths = {
    "Červený": [(104, 298), (154, 298), (204, 298), (255, 298)],
    "Žlutý": [(300, 494), (300, 444), (300, 394), (300, 344)],
    "Zelený": [(496, 298), (446, 298), (396, 298), (347, 298)],
    "Modrý": [(300, 103), (300, 153), (300, 203), (300, 253)]
}

path_red = [
    (49, 249), (99, 249), (148, 249), (198, 249), (249, 249),
    (249, 200), (249, 149), (249, 99), (249, 49), (299, 47),
    (350, 50), (348, 95), (348, 146), (353, 197), (348, 248),
    (399, 248), (452, 250), (500, 248), (550, 248), (549, 299),
    (551, 348), (501, 349), (450, 348), (400, 349), (347, 349),
    (350, 398), (348, 448), (349, 499), (349, 550), (299, 550),
    (248, 549), (248, 499), (247, 449), (252, 400), (250, 349),
    (199, 349), (147, 348), (99, 349), (49, 350), (49, 300),
    (104, 298), (154, 298), (204, 298), (255, 298)
    ]

path_yellow = [
    (250, 549), (250, 499), (250, 449), (250, 400), (250, 349),
    (199, 349), (149, 348), (99, 349), (49, 350), (49, 300),
    (49, 249), (99, 249), (148, 249), (198, 249), (249, 249),
    (249, 199), (249, 149), (249, 99), (249, 49), (299, 49),
    (350, 49), (350, 99), (350, 149), (350, 199), (350, 249),
    (399, 249), (452, 249), (500, 249), (550, 249), (550, 299),
    (551, 349), (501, 349), (451, 349), (401, 349), (351, 349),
    (351, 399), (351, 449), (351, 499), (351, 550), (301, 550),
    (300, 494), (300, 444), (300, 394), (300, 344)
    ]

path_blue = [
    (350, 49), (350, 99), (350, 149), (350, 199), (350, 249),
    (399, 249), (452, 249), (500, 249), (550, 249), (550, 299),
    (551, 349), (501, 349), (451, 349), (401, 349), (351, 349),
    (351, 399), (351, 449), (351, 499), (351, 550), (301, 550),
    (250, 549), (250, 499), (250, 449), (250, 400), (250, 349),
    (199, 349), (149, 348), (99, 349), (49, 350), (49, 300),
    (49, 249), (99, 249), (148, 249), (198, 249), (249, 249),
    (249, 199), (249, 149), (249, 99), (249, 49), (299, 49),
    (300, 103), (300, 153), (300, 203), (300, 253)
    ]

path_green = [
    (551, 349), (501, 349), (451, 349), (401, 349), (351, 349),
    (351, 399), (351, 449), (351, 499), (351, 550), (301, 550),
    (250, 549), (250, 499), (250, 449), (250, 400), (250, 349),
    (199, 349), (149, 348), (99, 349), (49, 350), (49, 300),
    (49, 249), (99, 249), (148, 249), (198, 249), (249, 249),
    (249, 199), (249, 149), (249, 99), (249, 49), (299, 49),
    (350, 49), (350, 99), (350, 149), (350, 199), (350, 249),
    (399, 249), (452, 249), (500, 249), (550, 249), (550, 299),
    (496, 298), (446, 298), (396, 298), (347, 298)
    ]
